0.973137
0.340366
0.541934
0.391268
0.7632
0.753453
0.0875577
0.0365763
0.46696
0.923635
0.609235
0.97063
0.767118
0.204696
0.954253
0.546944
0.459264
0.375708
0.678661
0.551735
0.689453
0.0559096
0.895089
0.00271105
0.647363
0.219151
0.229258
0.846233
0.663049
0.222531
0.823503
0.115978
0.787944
0.564398
0.83377
0.39512
0.20654
0.865875
0.133326
0.109756
0.775787
0.96937
0.396392
0.141974
0.754706
0.224117
0.525701
0.995375
0.324819
0.905723
0.600514
0.673449
0.849096
0.73231
0.449774
0.0819905
0.337349
0.798312
0.345929
0.0714147
0.221728
0.168007
0.618726
0.764628
0.0678237
0.339796
0.608256
0.0330286
0.103339
0.810089
0.919173
0.489704
0.614234
0.798934
0.462929
0.15816
0.0924995
0.630607
0.0446536
0.680783
0.103274
0.338948
0.981915
0.0780503
0.833071
0.352894
0.352873
0.322338
0.174643
0.941448
0.333373
0.404718
0.564848
0.803993
0.771552
0.845608
0.0153731
0.391761
0.692834
0.317547
0.335877
0.365354
0.0592004
0.938145
0.246813
0.923106
0.508995
0.971666
0.294809
0.483035
0.364797
0.907474
0.424941
0.5399
0.258091
0.812124
0.0177876
0.137081
0.824343
0.269283
0.778891
0.744611
0.067839
0.308546
0.266757
0.889505
0.882412
0.30189
0.0831275
0.377885
0.4953
0.586865
0.924695
0.63126
0.133288
0.41125
0.235436
0.548306
0.302554
0.927878
0.108177
0.430815
0.738982
0.28456
0.195903
0.175987
0.289913
0.126812
0.618798
0.950446
0.900338
0.975559
0.431345
0.503298
0.118469
0.263715
0.962358
0.741039
0.432664
0.260905
0.905107
0.0363754
0.582079
0.521441
0.138365
0.352228
0.228748
0.834567
0.953966
0.772677
0.973484
0.306131
0.282285
0.60188
0.279826
0.165927
0.101827
0.242689
0.0300629
0.0745221
0.0290849
0.537418
0.969003
0.137363
0.974193
0.84798
0.441788
0.953067
0.159029
0.591242
0.551844
0.898341
0.997898
0.213187
0.0572842
0.445788
0.685297
0.18341
0.0952675
0.725612
0.497315
0.786064
0.73346
0.270914
0.0478857
0.557051
0.658597
0.0628667
0.131307
0.717632
0.239983
0.640798
0.489379
0.945383
0.169555
0.328276
0.35441
0.133534
0.75197
0.105263
0.00557686
0.263995
0.273182
0.5246
0.731264
0.268058
0.242558
0.415423
0.48757
0.397989
0.413121
0.164111
0.485055
0.573899
0.521609
0.733225
0.801771
0.810827
0.542379
0.529358
0.618748
0.843587
0.757607
0.911341
0.590512
0.64019
0.154641
0.830837
0.312142
0.582586
0.0668932
0.49871
0.518218
0.665897
0.777412
0.393913
0.0682878
0.35945
0.157692
0.588963
0.536798
0.535897
0.674677
0.609907
0.259573
0.625
0.0759554
0.622093
0.498772
0.418568
0.269514
0.0200115
0.306769
0.540359
0.815873
0.774186
0.107793
0.813069
0.715983
0.565766
0.713623
0.682758
0.929971
0.625659
0.763591
0.594158
0.124855
0.736103
0.575047
0.108401
0.302031
0.385385
0.332027
0.493929
0.179175
0.0685119
0.97875
0.143269
0.930642
0.0662415
0.250787
0.130093
0.263333
0.220661
0.928145
0.445593
0.912016
0.657042
0.667425
0.378951
0.773292
0.61886
0.0286259
0.337819
0.807766
0.516453
0.498807
0.360894
0.97579
0.511018
0.19982
0.141276
0.236656
0.926437
0.399665
0.557273
0.64079
0.104325
0.10318
0.263299
0.838935
0.98592
0.632841
0.609682
0.68416
0.351622
0.807278
0.0844794
0.727642
0.799779
0.744946
0.166198
0.22648
0.865525
0.452435
0.272752
0.163381
0.22393
0.768518
0.733835
0.799097
0.385606
0.321819
0.0114331
0.467348
0.26421
0.395438
0.872435
0.909976
0.201501
0.777906
0.769886
0.122008
0.594887
0.196183
0.222479
0.819604
0.943597
0.981196
0.668371
0.599583
0.562076
0.495705
0.797735
0.171139
0.192983
0.17236
0.192711
0.70564
0.467991
0.959034
0.693433
0.0691946
0.433654
0.569462
0.999788
0.128338
0.893864
0.288382
0.861581
0.308093
0.972479
0.608701
0.821451
0.443511
0.312549
0.688402
0.88731
0.713129
0.586245
0.340092
0.0223023
0.0415361
0.26623
0.91737
0.76359
0.977309
0.820122
0.278777
0.195899
0.314043
0.940312
0.809452
0.506381
0.951244
0.0581823
0.908168
0.294287
0.966831
0.0515067
0.126864
0.0782762
0.0753115
0.71416
0.332875
0.177361
0.509918
0.586259
0.480587
0.495903
0.530907
0.1494
0.287385
0.141417
0.81648
0.075109
0.84446
0.184841
0.731525
0.215007
0.820701
0.940346
0.139506
0.769221
0.879836
0.615534
0.974644
0.636497
0.497691
0.0482921
0.128317
0.297235
0.886639
0.00463792
0.4318
0.811754
0.884612
0.429166
0.196653
0.123764
0.701511
0.398511
0.166947
0.97695
0.419316
0.8763
0.0598745
0.405274
0.274917
0.768971
0.542145
0.110052
0.505889
0.064592
0.380879
0.644727
0.97641
0.846238
0.194808
0.387891
0.81898
0.817861
0.24266
0.883328
0.900926
0.28989
0.752196
0.490269
0.354836
0.735732
0.600004
0.0358212
0.578848
0.455946
0.586513
0.553374
0.724075
0.24722
0.953643
0.375248
0.528709
0.456624
0.207959
0.114835
0.545474
0.362279
0.237247
0.103709
0.0337962
0.429071
0.343214
0.964013
0.570571
0.877944
0.310968
0.407599
0.372531
0.930326
0.353353
0.413665
0.34562
0.562289
0.514813
0.388954
0.487419
0.158021
0.407821
0.142929
0.800463
0.887271
0.450932
0.788949
0.738455
0.259772
0.750083
0.426586
0.143134
0.210648
0.536014
0.475258
0.954276
0.338977
0.465743
0.261879
0.834512
0.917481
0.893251
0.251903
0.467992
0.890677
0.395377
0.631661
0.219109
0.923378
0.837948
0.668382
0.204479
0.308389
0.222009
0.901499
0.596078
0.114429
0.551656
0.154271
0.17209
0.791285
0.307126
0.138319
0.128787
0.752944
0.536766
0.986174
0.904087
0.450819
0.549297
0.959553
0.0118174
0.613409
0.0968462
0.305796
0.493753
0.666884
0.395935
0.374201
0.740988
0.629712
0.397561
0.65109
0.872017
0.775797
0.151404
0.961098
0.165035
0.132505
0.628822
0.236827
0.88756
0.985909
0.893648
0.644625
0.236821
0.334723
0.410914
0.526626
0.566748
0.0113325
0.636695
0.274476
0.0274562
0.583571
0.865642
0.475361
0.654379
0.290283
0.857849
0.193573
0.618475
0.0389338
0.708118
0.189068
0.166107
0.811747
0.146053
0.98703
0.945222
0.861015
0.305632
0.648848
0.219545
0.512655
0.521891
0.645118
0.528854
0.694073
0.897122
0.575959
0.853417
0.927486
0.929858
0.444456
0.304868
0.218532
0.0700685
0.477178
0.892792
0.273191
0.509974
0.954184
0.432848
0.81029
0.15122
0.402699
0.173278
0.434553
0.518548
0.707701
0.0550826
0.893945
0.383377
0.973237
0.598216
0.37858
0.1868
0.245546
0.461024
0.40573
0.632515
0.788668
0.570281
0.371246
0.381264
0.431306
0.0100152
0.892309
0.897877
0.41746
0.312546
0.995896
0.661353
0.169995
0.466501
0.163204
0.0821991
0.784304
0.473917
0.379817
0.217131
0.917098
0.109928
0.0874351
0.320097
0.922774
0.200021
0.223991
0.214313
0.656545
0.0958138
0.0791096
0.659665
0.740514
0.542976
0.200753
0.273696
0.347152
0.0649578
0.0519951
0.0456986
0.656339
0.682127
0.0350608
0.168654
0.189612
0.92453
0.139756
0.362497
0.711845
0.932707
0.1173
0.337067
0.44991
0.0577842
0.276355
0.760036
0.0344918
0.930506
0.809046
0.472945
0.990061
0.958403
0.810244
0.609361
0.334812
0.698036
0.697901
0.288261
0.103382
0.430971
0.686299
0.211385
0.457311
0.52129
0.933527
0.516891
0.729027
0.0508554
0.371075
0.817827
0.872786
0.696094
0.434209
0.370319
0.629316
0.534772
0.619799
0.613871
0.39919
0.239163
0.191762
0.948646
0.65342
0.0375535
0.38762
0.0591626
0.368864
0.601379
0.122319
0.560698
0.782262
0.161183
0.672986
0.387128
0.921839
0.269422
0.911528
0.513422
0.25202
0.638873
0.84763
0.122115
0.0981037
0.896784
0.0848839
0.693487
0.687424
0.240011
0.0754793
0.189723
0.926119
0.266312
0.097429
0.18294
0.841062
0.431025
0.751926
0.56773
0.760553
0.95382
0.581767
0.225964
0.231207
0.722753
0.505229
0.453365
0.709107
0.0359397
0.0193067
0.0952317
0.698223
0.436632
0.193432
0.607222
0.106462
0.565273
0.00689074
0.794038
0.658372
0.830062
0.503029
0.874952
0.642812
0.822013
0.979436
0.0743499
0.623922
0.135525
0.209709
0.884938
0.935093
0.543614
0.718932
0.951099
0.379701
0.0885754
0.896861
0.57346
0.0409346
0.432719
0.231139
0.749494
0.058825
0.946553
0.94414
0.498447
0.658538
0.248409
0.603526
0.734812
0.244076
0.832898
0.896211
0.868731
0.530081
0.697007
0.271493
0.5431
0.136476
0.481184
0.90093
0.837772
0.871933
0.156036
0.714633
0.956379
0.778882
0.0985139
0.766538
0.88917
0.491847
0.988552
0.980768
0.0474162
0.29995
0.119669
0.329072
0.0758174
0.621504
0.834981
0.592722
0.356813
0.152641
0.0814057
0.244029
0.4654
0.39216
0.805697
0.331271
0.5591
0.361439
0.710568
0.0204341
0.392002
0.311819
0.939985
0.107432
0.0247402
0.863777
0.590173
0.100808
0.0168917
0.0643006
0.645639
0.638238
0.791364
0.133679
0.444401
0.0571292
0.261149
0.443674
0.0883459
0.922362
0.720277
0.409429
0.166418
0.520753
0.388607
0.262008
0.661149
0.575438
0.0332101
0.0121175
0.202219
0.29332
0.389641
0.624013
0.731627
0.92965
0.999495
0.4382
0.799193
0.19608
0.844687
0.0490647
0.838108
0.42814
0.275269
0.136735
0.929867
0.606617
0.130898
0.539289
0.386082
0.251998
0.284027
0.140777
0.40928
0.304843
0.676219
0.841777
0.682131
0.306106
0.0717911
0.0124225
0.838728
0.20422
0.462184
0.833667
0.83506
0.659791
0.270324
0.882296
0.529087
0.779511
0.130096
0.17076
0.652571
0.289259
0.158313
0.716822
0.483719
0.518977
0.854791
0.0834809
0.166673
0.50098
0.323106
0.330381
0.853946
0.526784
0.61603
0.47842
0.83218
0.728687
0.0945297
0.0745364
0.0193373
0.480485
0.619626
0.309353
0.76002
0.491371
0.747545
0.582753
0.590593
0.508787
0.398722
0.518554
0.570706
0.175634
0.451903
0.426618